HIBP:    001    1555724880    874
HIBP:    002    1555724926    295
HIBP:    003    1555724966    217
HIBP:    007    1555725005    455
HIBP:    008    1555725031    963
HIBP:    000    1555729938    389
HIBP:    000    1555729966    771
HIBP:    102    1555730792    303
HIBP:    103    1555730834    625
HIBP:    104    1555730874    544
HIBP:    107    1555730913    653
HIBP:    110    1555730941    635
HIBP:    112    1555730963    161
HIBP:    113    1555730988    196
HIBP:    114    1555731006    051
HIBP:    105    1555731043    593
HIBP:    143    1555731072    261
HIBP:    106    1555731125    317
HIBP:    117    1555731148    647
HIBP:    122    1555731165    759
HIBP:    108    1555731193    619
HIBP:    123    1555731218    647
HIBP:    118    1555731241    374
HIBP:    124    1555731267    058
HIBP:    125    1555731288    399
HIBP:    134    1555731303    513
HIBP:    127    1555731326    597
HIBP:    128    1555731343    752
HIBP:    136    1555731361    165
HIBP:    131    1555731374    145
HIBP:    138    1555731390    525
HIBP:    142    1555731403    847
HIBP:    137    1555731420    752
HIBP:    147    1555731436    303
HIBP:    130    1555731453    315
HIBP:    139    1555731471    954
HIBP:    141    1555731485    418
HIBP:    135    1555731504    346
HIBP:    133    1555731519    065
HIBP:    149    1555731535    630
HIBP:    151    1555731579    215
HIBP:    111    1555731605    048
HIBP:    150    1555731623    972
HIBP:    144    1555731649    972
HIBP:    109    1555731666    258
HIBP:    140    1555731680    878
HIBP:    401    1555731721    082
HIBP:    406    1555731741    726
HIBP:    402    1555731766    637
HIBP:    403    1555731812    923
HIBP:    405    1555731830    150
HIBP:    412    1555731858    328
HIBP:    413    1555731881    044
HIBP:    414    1555731896    425
HIBP:    417    1555731924    574
HIBP:    419    1555731941    655
HIBP:    418    1555731957    572
HIBP:    121    1555731976    129
HIBP:    427    1555731998    194
HIBP:    201    1555732040    472
HIBP:    425    1555732074    046
HIBP:    203    1555732093    871
HIBP:    421    1555732131    511
HIBP:    433    1555732410    603
HIBP:    422    1555732435    234
HIBP:    432    1555732455    027
HIBP:    429    1555732476    662
HIBP:    115    1555732503    726
HIBP:    415    1555732523    498
HIBP:    424    1555732557    762
HIBP:    145    1555732609    706
