HIBP:    002    1555742498    355
HIBP:    001    1555742510    825
HIBP:    003    1555742752    488
HIBP:    008    1555742936    560
HIBP:    102    1555742975    361
HIBP:    103    1555743121    091
HIBP:    104    1555743170    742
HIBP:    108    1555743323    453
HIBP:    109    1555743487    327
HIBP:    112    1555743548    398
HIBP:    110    1555743600    627
HIBP:    115    1555743607    182
HIBP:    117    1555743842    405
HIBP:    119    1555743917    563
HIBP:    114    1555743947    864
HIBP:    123    1555744245    693
HIBP:    130    1555744410    043
HIBP:    122    1555744453    458
HIBP:    127    1555744498    579
HIBP:    128    1555744501    463
HIBP:    113    1555744542    265
HIBP:    134    1555744665    687
HIBP:    138    1555744824    364
HIBP:    131    1555744926    604
HIBP:    121    1555744940    353
HIBP:    136    1555744988    554
HIBP:    124    1555744996    910
HIBP:    125    1555744999    056
HIBP:    000    1555745001    377
HIBP:    118    1555745022    982
HIBP:    142    1555745086    043
HIBP:    133    1555745142    655
HIBP:    139    1555745276    591
HIBP:    149    1555745333    421
HIBP:    401    1555745339    563
HIBP:    137    1555745358    684
HIBP:    140    1555745363    045
HIBP:    148    1555745394    380
HIBP:    402    1555745476    197
HIBP:    141    1555745495    477
HIBP:    403    1555745503    446
HIBP:    405    1555745631    287
HIBP:    151    1555745771    271
HIBP:    147    1555745793    892
HIBP:    406    1555745839    907
HIBP:    135    1555745907    541
HIBP:    412    1555745986    684
HIBP:    201    1555746019    927
HIBP:    427    1555746147    567
HIBP:    150    1555746159    347
HIBP:    203    1555746245    392
HIBP:    413    1555746353    073
HIBP:    414    1555746447    694
HIBP:    425    1555746546    893
HIBP:    101    1555746562    662
HIBP:    144    1555746603    287
HIBP:    422    1555746659    843
HIBP:    120    1555746700    897
HIBP:    407    1555746717    937
HIBP:    429    1555746725    752
HIBP:    418    1555746728    230
HIBP:    419    1555746737    766
HIBP:    145    1555746803    204
HIBP:    417    1555746810    899
HIBP:    424    1555747032    840
HIBP:    408    1555747187    367
