HIBP:    001    1555811309    822
HIBP:    002    1555811341    504
HIBP:    102    1555811899    928
HIBP:    003    1555811999    723
HIBP:    104    1555812109    304
HIBP:    115    1555812123    888
HIBP:    008    1555812181    372
HIBP:    103    1555812275    771
HIBP:    112    1555812334    219
HIBP:    117    1555812580    064
HIBP:    119    1555812618    088
HIBP:    130    1555812696    095
HIBP:    142    1555812818    625
HIBP:    123    1555812822    861
HIBP:    134    1555812833    737
HIBP:    108    1555812903    423
HIBP:    148    1555813089    611
HIBP:    149    1555813303    188
HIBP:    114    1555813353    576
HIBP:    122    1555813383    272
HIBP:    128    1555813441    432
HIBP:    113    1555813475    807
HIBP:    139    1555813797    377
HIBP:    125    1555813802    572
HIBP:    131    1555813806    261
HIBP:    121    1555813837    054
HIBP:    118    1555813844    109
HIBP:    124    1555813863    691
HIBP:    143    1555813931    649
HIBP:    147    1555814032    642
HIBP:    141    1555814146    697
HIBP:    120    1555814153    720
HIBP:    135    1555814350    867
HIBP:    138    1555814395    970
HIBP:    403    1555814729    165
HIBP:    151    1555814764    742
HIBP:    402    1555814826    001
HIBP:    201    1555814973    119
HIBP:    405    1555814986    944
HIBP:    127    1555815024    809
HIBP:    406    1555815233    661
HIBP:    412    1555815315    423
HIBP:    203    1555815587    512
HIBP:    144    1555815612    766
HIBP:    425    1555815646    757
HIBP:    422    1555815728    149
HIBP:    421    1555816054    473
HIBP:    101    1555816156    718
HIBP:    413    1555816384    936
HIBP:    407    1555816476    625
HIBP:    424    1555817124    806
HIBP:    431    1555817423    823
HIBP:    431    1555818240    006
HIBP:    431    1555818260    234
HIBP:    431    1555818644    591
HIBP:    431    1555819004    430
HIBP:    431    1555819006    049
HIBP:    431    1555819011    923
HIBP:    431    1555819014    460
HIBP:    431    1555819017    125
HIBP:    431    1555819022    631
HIBP:    431    1555819023    530
HIBP:    431    1555819025    108
HIBP:    431    1555819032    761
HIBP:    431    1555819037    491
HIBP:    431    1555819038    431
HIBP:    431    1555819084    690
HIBP:    431    1555819211    701
HIBP:    431    1555819326    862
HIBP:    431    1555819334    661
HIBP:    431    1555819335    232
HIBP:    431    1555819346    978
HIBP:    431    1555819349    070
HIBP:    431    1555819352    069
