HIBP:    001    1555726538    137
HIBP:    002    1555728230    134
HIBP:    003    1555728256    667
HIBP:    008    1555728302    797
HIBP:    001    1555729329    165
HIBP:    102    1555731302    354
HIBP:    103    1555731399    456
HIBP:    104    1555731423    432
HIBP:    113    1555731573    077
HIBP:    112    1555731603    843
HIBP:    105    1555731661    487
HIBP:    110    1555731680    939
HIBP:    114    1555731689    302
HIBP:    107    1555731737    466
HIBP:    108    1555731752    586
HIBP:    106    1555731854    165
HIBP:    118    1555731920    123
HIBP:    123    1555731933    161
HIBP:    122    1555731935    806
HIBP:    143    1555731973    573
HIBP:    117    1555731975    003
HIBP:    134    1555732019    606
HIBP:    131    1555732029    121
HIBP:    123    1555732040    267
HIBP:    123    1555732045    713
HIBP:    123    1555732055    930
HIBP:    127    1555732064    827
HIBP:    128    1555732068    647
HIBP:    401    1555732145    044
HIBP:    123    1555732291    508
HIBP:    130    1555732301    607
HIBP:    403    1555732326    034
HIBP:    406    1555732379    111
HIBP:    109    1555732390    579
HIBP:    402    1555732398    898
HIBP:    405    1555732416    399
HIBP:    147    1555732509    912
HIBP:    123    1555732581    225
HIBP:    123    1555732582    063
HIBP:    123    1555732582    679
HIBP:    123    1555732589    124
HIBP:    123    1555732593    586
HIBP:    123    1555732594    143
HIBP:    123    1555732596    126
HIBP:    123    1555732596    673
HIBP:    123    1555732597    223
HIBP:    123    1555732603    844
HIBP:    123    1555732607    752
HIBP:    123    1555732629    128
HIBP:    123    1555732644    925
HIBP:    123    1555732645    567
HIBP:    123    1555732646    818
HIBP:    123    1555732652    955
HIBP:    123    1555732671    915
HIBP:    123    1555732672    635
HIBP:    123    1555732674    055
HIBP:    123    1555732674    576
HIBP:    123    1555732679    575
HIBP:    123    1555732695    399
HIBP:    123    1555732729    731
HIBP:    123    1555732743    011
HIBP:    123    1555732757    376
HIBP:    123    1555732765    704
HIBP:    123    1555732802    122
HIBP:    123    1555732816    368
HIBP:    121    1555732822    978
HIBP:    150    1555732829    902
HIBP:    425    1555732926    474
HIBP:    201    1555733034    276
HIBP:    115    1555739034    276
HIBP:    123    1555733093    666
HIBP:    123    1555733094    199
HIBP:    123    1555733110    685
HIBP:    417    1555733120    859
HIBP:    144    1555733156    496
HIBP:    203    1555733174    452
HIBP:    422    1555733468    173
HIBP:    433    1555733473    418
HIBP:    424    1555733658    036
HIBP:    407    1555733685    828
HIBP:    415    1555737685    828
HIBP:    429    1555733749    278
HIBP:    148    1555733973    279
HIBP:    101    1555733978    714
