HIBP:    001    1555741776    236
HIBP:    002    1555741836    305
HIBP:    003    1555741896    999
HIBP:    008    1555741956    347
HIBP:    102    1555741986    017
HIBP:    103    1555742045    810
HIBP:    104    1555742106    265
HIBP:    108    1555742166    155
HIBP:    109    1555742226    485
HIBP:    110    1555742286    460
HIBP:    112    1555742345    937
HIBP:    113    1555742436    851
HIBP:    114    1555742466    857
HIBP:    115    1555742525    754
HIBP:    117    1555742586    916
HIBP:    118    1555742646    593
HIBP:    119    1555742707    158
HIBP:    120    1555742766    962
HIBP:    121    1555742826    637
HIBP:    122    1555742886    932
HIBP:    123    1555742946    813
HIBP:    124    1555742977    391
HIBP:    125    1555743006    559
HIBP:    127    1555743019    777
HIBP:    127    1555743031    981
HIBP:    128    1555743096    742
HIBP:    130    1555743155    830
HIBP:    131    1555743215    241
HIBP:    133    1555743275    535
HIBP:    134    1555743336    640
HIBP:    135    1555743395    352
HIBP:    136    1555743456    025
HIBP:    137    1555743485    798
HIBP:    138    1555743561    845
HIBP:    139    1555743634    818
HIBP:    140    1555743696    545
HIBP:    141    1555743759    215
HIBP:    142    1555743816    218
HIBP:    147    1555743876    730
HIBP:    149    1555743947    916
HIBP:    148    1555743993    988
HIBP:    151    1555744026    553
HIBP:    144    1555744056    998
HIBP:    145    1555744086    055
HIBP:    150    1555744145    544
HIBP:    201    1555744206    937
HIBP:    203    1555744236    258
HIBP:    401    1555744356    442
HIBP:    402    1555744415    392
HIBP:    403    1555744476    528
HIBP:    405    1555744535    448
HIBP:    406    1555744595    625
HIBP:    408    1555744655    361
HIBP:    414    1555744715    866
HIBP:    427    1555744776    582
HIBP:    412    1555744832    058
HIBP:    413    1555744867    902
HIBP:    417    1555744896    225
HIBP:    418    1555744927    522
HIBP:    419    1555744956    362
HIBP:    422    1555744986    531
HIBP:    424    1555745019    192
HIBP:    425    1555745105    943
HIBP:    429    1555745192    723
HIBP:    429    1555745210    745
HIBP:    429    1555745251    584
HIBP:    407    1555745285    419
HIBP:    101    1555745516    003
