HIBP:    001    1555810500    748
HIBP:    002    1555810560    534
HIBP:    008    1555810621    087
HIBP:    003    1555810681    096
HIBP:    102    1555810740    061
HIBP:    104    1555810801    968
HIBP:    103    1555810861    272
HIBP:    115    1555810920    692
HIBP:    108    1555810982    533
HIBP:    112    1555811040    028
HIBP:    119    1555811100    476
HIBP:    130    1555811160    785
HIBP:    117    1555811220    568
HIBP:    142    1555811281    140
HIBP:    123    1555811341    094
HIBP:    134    1555811400    763
HIBP:    148    1555811461    294
HIBP:    149    1555811522    965
HIBP:    128    1555811582    332
HIBP:    114    1555811649    651
HIBP:    122    1555811731    852
HIBP:    139    1555811790    830
HIBP:    131    1555811850    915
HIBP:    141    1555811910    933
HIBP:    113    1555812000    023
HIBP:    125    1555812059    949
HIBP:    147    1555812120    094
HIBP:    124    1555812181    094
HIBP:    121    1555812307    095
HIBP:    118    1555812360    641
HIBP:    135    1555812421    263
HIBP:    143    1555812483    780
HIBP:    151    1555812540    348
HIBP:    120    1555812593    047
HIBP:    138    1555812809    844
HIBP:    127    1555812930    877
HIBP:    144    1555812960    079
HIBP:    201    1555813064    393
HIBP:    203    1555813140    041
HIBP:    403    1555813501    702
HIBP:    402    1555813589    428
HIBP:    405    1555813681    834
HIBP:    412    1555813769    441
HIBP:    406    1555813829    054
HIBP:    425    1555813889    175
HIBP:    413    1555813949    353
HIBP:    422    1555814010    915
HIBP:    424    1555814075    162
HIBP:    421    1555814219    486
HIBP:    431    1555814281    010
HIBP:    407    1555814693    975
HIBP:    101    1555815008    437
