HIBP:    000    1555725678    120
HIBP:    435    1555725733    584
HIBP:    101    1555725794    790
HIBP:    102    1555725851    332
HIBP:    103    1555725882    975
HIBP:    104    1555725918    826
HIBP:    105    1555725942    065
HIBP:    106    1555725972    882
HIBP:    107    1555725992    747
HIBP:    108    1555726025    563
HIBP:    108    1555726036    664
HIBP:    109    1555726070    439
HIBP:    110    1555726104    223
HIBP:    110    1555726116    504
HIBP:    111    1555726137    760
HIBP:    112    1555726167    433
HIBP:    113    1555726197    516
HIBP:    114    1555726248    037
HIBP:    115    1555726281    194
HIBP:    117    1555726359    323
HIBP:    122    1555726511    897
HIBP:    123    1555726541    725
HIBP:    124    1555726570    162
HIBP:    125    1555726587    066
HIBP:    127    1555726611    075
HIBP:    128    1555726633    263
HIBP:    130    1555726662    522
HIBP:    131    1555726708    509
HIBP:    133    1555726735    991
HIBP:    134    1555726768    774
HIBP:    135    1555726787    624
HIBP:    136    1555726813    496
HIBP:    137    1555726864    182
HIBP:    138    1555726887    235
HIBP:    138    1555726898    686
HIBP:    139    1555726919    186
HIBP:    140    1555726948    820
HIBP:    141    1555726968    585
HIBP:    142    1555727065    614
HIBP:    143    1555727098    370
HIBP:    144    1555727113    190
HIBP:    145    1555727129    314
HIBP:    147    1555727169    581
HIBP:    149    1555727247    323
HIBP:    150    1555727272    806
HIBP:    151    1555727303    296
HIBP:    120    1555727346    809
HIBP:    119    1555727373    170
HIBP:    118    1555727433    560
HIBP:    121    1555727459    882
HIBP:    201    1555727493    522
HIBP:    203    1555727551    991
HIBP:    203    1555727563    324
HIBP:    301    1555727589    726
HIBP:    401    1555727652    123
HIBP:    402    1555727688    469
HIBP:    403    1555727730    421
HIBP:    405    1555727785    030
HIBP:    406    1555727808    516
HIBP:    408    1555727833    751
HIBP:    412    1555727873    953
HIBP:    412    1555727886    092
HIBP:    413    1555727905    415
HIBP:    413    1555727918    483
HIBP:    414    1555727934    272
HIBP:    414    1555727945    823
HIBP:    415    1555727962    897
HIBP:    417    1555727985    348
HIBP:    418    1555728069    789
HIBP:    419    1555728086    966
HIBP:    419    1555728100    120
HIBP:    421    1555728117    098
HIBP:    421    1555728129    377
HIBP:    422    1555728153    611
HIBP:    425    1555728171    360
HIBP:    424    1555728190    045
HIBP:    424    1555728203    817
HIBP:    427    1555728227    765
HIBP:    429    1555728254    297
HIBP:    430    1555728284    773
HIBP:    432    1555728313    379
HIBP:    433    1555728340    733
HIBP:    148    1555728767    504
HIBP:    148    1555728796    418
HIBP:    407    1555728822    704
HIBP:    407    1555728852    683
HIBP:    407    1555730749    478
HIBP:    407    1555731734    710
HIBP:    407    1555732370    694
HIBP:    407    1555733214    822
HIBP:    407    1555733232    530
HIBP:    407    1555733410    474
HIBP:    407    1555733427    121
HIBP:    407    1555733963    890
HIBP:    407    1555733974    984
HIBP:    407    1555733987    874
