HIBP:    000    1548558573    644
HIBP:    002    1548558752    904
HIBP:    003    1548558855    374
HIBP:    005    1548558982    150
HIBP:    006    1548559096    079
HIBP:    008    1548559140    664
HIBP:    012    1548559240    434
HIBP:    013    1548559322    604
HIBP:    014    1548559389    752
HIBP:    015    1548559442    033
HIBP:    016    1548559535    596
HIBP:    017    1548559721    350
HIBP:    015    1548559781    125
HIBP:    015    1548559783    011
HIBP:    015    1548559802    972
HIBP:    015    1548559803    776
HIBP:    015    1548559804    312
HIBP:    015    1548559806    821
